12 34 20 C2 A4 20 05 20
20 20 50 20 20 20 20 20
20 20 20 20 20 20 20 C2
AB C3 8D 
12 34 20 C2 A4
20 05 20 20 20 50 20 20
20 20 20 20 20 20 20 20
20 20 C2 AB C3 8D 
12 34
20 C2 A4 20 05 20 20 20
50 20 20 20 20 20 20 20
20 20 20 20 20 C2 AB C3
8D 
12 34 20 C2 A4 20 05
20 20 20 50 20 20 20 20
20 20 20 20 20 20 20 20
C2 AB C3 8D 
12 34 20 C2
A4 20 05 20 20 20 50 20
20 20 20 20 20 20 20 20
20 20 20 C2 AB C3 8D 
12
34 20 C2 A4 20 05 20 20
20 50 20 20 20 20 20 20
20 20 20 20 20 20 C2 AB
C3 8D 
12 34 20 C2 A4 20
05 20 20 20 50 20 20 20
20 20 20 20 20 20 20 20
20 C2 AB C3 8D 